novitiate: 0.6585365853658537
munificent: 0.6329113924050633
libertine: 0.6956521739130435
abrupt: 0.5822784810126582
libidinous: 0.7037037037037037
dissemble: 0.6627906976744186
licentious: 0.7555555555555555
obscure: 0.6710526315789473
vacillate: 0.6027397260273972
reprehend: 0.696969696969697
waver: 0.7333333333333333
probity: 0.611764705882353
lambaste: 0.6219512195121951
indubitable: 0.7093023255813954
inveigh: 0.648936170212766
impetuous: 0.5869565217391305
revile: 0.7285714285714285
countenance: 0.6962025316455697
indisputable: 0.5783132530120482
frankness: 0.6125
mainstay: 0.6463414634146342
objurgate: 0.6785714285714286
depraved: 0.7045454545454546
inscrutable: 0.6329113924050633
recondite: 0.6351351351351351
pillory: 0.5730337078651685
evident: 0.6741573033707865
candor/candid: 0.6
castigate: 0.7
aspersion: 0.7205882352941176
mendacious/mendacity: 0.6419753086419753
abet: 0.6309523809523809
ersatz: 0.7411764705882353
iniquity: 0.6666666666666666
esoteric: 0.6666666666666666
feigned: 0.625
sordid: 0.7291666666666666
pellucid: 0.6363636363636364
lucid: 0.6511627906976745
eloquent: 0.6774193548387096
diatribe: 0.6635514018691588
cogent: 0.7407407407407407
headlong: 0.7586206896551724
