stalwart: 0.6413043478260869
articulate: 0.6627906976744186
abstruse: 0.6626506024096386
turpitude: 0.6790123456790124
bacchanalian: 0.6829268292682927
tirade: 0.640625
canard: 0.6385542168674698
calumny: 0.6835443037974683
courageous: 0.6164383561643836
reprove: 0.6129032258064516
corroborate: 0.7432432432432432
espouse: 0.6708860759493671
deride/derisive: 0.6138613861386139
dissipated: 0.726027397260274
debauchery: 0.5955056179775281
dauntless: 0.7023809523809523
arcane: 0.6951219512195121
proponent: 0.6455696202531646
sincere: 0.6363636363636364
harangue: 0.6666666666666666
cryptic: 0.6914893617021277
salacious: 0.6329113924050633
vituperate: 0.6626506024096386
bolster: 0.7012987012987013
tyro: 0.6805555555555556
disparage: 0.7021276595744681
gullible: 0.5569620253164557
teeter: 0.6708860759493671
decry: 0.6144578313253012
defame/defamation: 0.7222222222222222
denounce: 0.7272727272727273
fallacious: 0.7301587301587301
apace: 0.6629213483146067
ancillary: 0.5977011494252874
apocryphal: 0.7125
specious: 0.6779661016949152
remonstrate: 0.6582278481012658
equivocate: 0.6777777777777778
