rebuke: 0.6736842105263158
spurious: 0.6883116883116883
sustenance: 0.6666666666666666
ingenuous: 0.6632653061224489
limpid: 0.6811594202898551
guile: 0.6266666666666667
bemusing: 0.6111111111111112
paradoxical: 0.6588235294117647
enigmatic: 0.6309523809523809
opprobrium: 0.6818181818181818
duplicity: 0.7466666666666667
erroneous: 0.6746987951807228
chicanery: 0.7710843373493976
credulous: 0.7444444444444445
veracious: 0.7142857142857143
perfidy: 0.6363636363636364
audacious: 0.6436781609195402
belittle: 0.6125
verity: 0.6708860759493671
berate: 0.6301369863013698
obloquy: 0.6888888888888889
ambiguous: 0.6296296296296297
dither: 0.6823529411764706
impugn: 0.7662337662337663
reprobate: 0.7297297297297297
turbid: 0.6595744680851063
oscillate: 0.7162162162162162
prevaricate: 0.6338028169014085
excoriate: 0.7625
gainsay: 0.6774193548387096
fealty: 0.6744186046511628
opaque: 0.5609756097560976
mercurial: 0.6666666666666666
perplexing: 0.6551724137931034
volatile: 0.6835443037974683
ribald: 0.6842105263157895
precipitate: 0.6153846153846154
capricious: 0.6829268292682927
advocate: 0.7317073170731707
naive: 0.7126436781609196
legitimate: 0.6082474226804123
